100
4979 5065
7590 8034
5765 9952
5993 6094
5627 7852
3910 9366
4742 6658
8906 9392
5629 9654
635 6302
4722 9905
3978 9167
4502 6160
2409 5235
6733 8313
2639 5424
433 1731
2967 3440
720 3797
8851 9887
2403 3556
6677 8506
5949 7287
1909 9548
8631 9946
6452 8685
4538 9146
7952 8596
9288 9529
4493 5545
4106 5557
8877 9945
2908 3776
7116 7572
8468 8662
2760 5915
6550 9234
1466 2184
8696 9006
8029 9065
7005 7963
9240 9762
6701 7653
4468 6596
4628 4922
5785 6943
1533 7216
6499 9491
4621 4963
1629 3619
3457 5406
4127 9595
3734 8238
3231 5363
6992 9815
4097 8259
7498 8872
2524 5029
9349 9498
9309 9380
1800 3765
8923 9414
8455 9912
9444 9723
3184 3699
3112 9943
2169 8786
3765 5593
5742 9923
6692 7863
6419 8488
7928 9629
5361 8968
2764 4302
7055 9480
1352 2869
9630 9893
9208 9907
4791 9751
9117 9558
6534 8496
622 4147
2470 4176
3270 5049
4803 9217
4465 8570
2983 4959
8809 9221
252 6892
2880 7804
9178 9671
1785 5104
76 2939
6464 9456
8245 8645
5959 9731
696 6731
4404 8295
879 8197
5153 7533
